6331
2793
1640
9290
225
625
6195
2303
5685
1354
4292
7600
6447
4479
9046
7293
5147
1260
1386
6193
4135
3611
8583
1446
3480
2022
961
7123
7262
2261
8380
2123
1286
1274
1369
831
927
993
4484
4865
8473
8587
4200
1216
2454
3371
6471
6303
6837
3365
1733
1875
6239
1009
9058
2833
3555
2329
5901
8765
5317
3505
1310
2050
9305
6941
1267
1801
4181
4854
5549
7990
1058
7066
3719
7080
5874
5706
5397
2746
2246
3172
3561
9407
9207
3912
365
6607
1381
5283
1477
3932
2632
5179
1645
5714
1183
982
6846
4154
1595
5426
6412
9160
1746
3382
8375
8279
1500
3355
6867
3428
5884
2852
3303
8222
6459
1341
9435
4676
2491
5789
5583
1952
3788
4883
3072
282
8285
414
6042
7163
7708
1420
2919
9490
7811
1763
3716
6223
2367
1866
4164
2591
3518
8348
8997
388
7196
5752
4537
3091
2960
1781
6785
4315
286
7838
6153
5852
9759
8183
6972
1000
7405
6653
2335
9083
1687
9673
2478
2425
5561
6291
9180
7487
4528
6974
5364
4015
6456
6947
4625
4705
3377
4148
9007
6985
9185
3345
169
6074
5854
1056
4155
4615
7211
4351
7809
4289
3432
5710
548
3412
2702
5915
3312
5516
3811
2197
1642
7225
7390
6238
1764
5654
1436
2572
714
3087
247
8423
5109
257
2009
2447
8364
805
3260
1938
6035
4229
7775
3372
1220
8608
2468
820
7729
5933
1334
2267
3841
1677
7747
9642
1178
762
5214
281
1154
9711
9915
2124
6697
1548
7017
6784